cam0:
  cam_overlaps: [1]
  camera_model: pinhole
  distortion_coeffs: [0.006102308452668216, 0.006397791904872516, 0.0008015908361949809,
    0.0007443925146859682]
  distortion_model: radtan
  intrinsics: [426.7049608472488, 426.8932892875293, 426.5164811189639, 238.86425498784357]
  resolution: [848, 480]
  rostopic: /camera/infra1/image_rect_raw
cam1:
  T_cn_cnm1:
  - [0.9999954897089748, -0.00025429666550298827, 0.002992640124060374, -0.04979704537930188]
  - [0.0002522129962666374, 0.999999725553612, 0.0006966213487556005, -4.15515529635766e-05]
  - [-0.0029928164512272102, -0.0006958634240581468, 0.9999952794007494, 4.286183461071039e-05]
  - [0.0, 0.0, 0.0, 1.0]
  cam_overlaps: [0]
  camera_model: pinhole
  distortion_coeffs: [0.008083788373743028, 0.00028731591921908655, 0.0006946703523357289,
    0.0002206792943884582]
  distortion_model: radtan
  intrinsics: [426.8755187365047, 427.0382072892622, 425.43259838418965, 238.72742550594288]
  resolution: [848, 480]
  rostopic: /camera/infra2/image_rect_raw
