cam0:
  T_cam_imu:
  - [0.9999944816586867, 0.0010223879211675735, -0.0031609136517213392, 0.012065961189849619]
  - [-0.001057294151763132, 0.9999382640297737, -0.011061205097070956, -0.002659031617785507]
  - [0.0031494096671654454, 0.011064486073084086, 0.9999338269939102, -0.013896319780837121]
  - [0.0, 0.0, 0.0, 1.0]
  cam_overlaps: [1]
  camera_model: pinhole
  distortion_coeffs: [0.011569030388980661, -0.0015832486459974242, 0.0024461019999247584,
    0.0007311430893214606]
  distortion_model: radtan
  intrinsics: [432.8773624689316, 432.69754323460546, 425.86902417211377, 242.83143630610957]
  resolution: [848, 480]
  rostopic: /camera/infra1/image_rect_raw
  timeshift_cam_imu: 0.010383021083774988
cam1:
  T_cam_imu:
  - [0.9999978148785157, 0.0005347153563294576, 0.0020209694905259537, -0.0378123451536736]
  - [-0.0005136451968133867, 0.9999456622906209, -0.010411946733602998, -0.0027358738657233188]
  - [-0.0020264271034808553, 0.010410885920962782, 0.9999437519418455, -0.013582752700454975]
  - [0.0, 0.0, 0.0, 1.0]
  T_cn_cnm1:
  - [0.9999864551257293, -0.000544963854318456, 0.005176154892835437, -0.049807662484089146]
  - [0.0005416012691772044, 0.9999996414273281, 0.0006510094313186905, -7.433150605020272e-05]
  - [-0.005176507813416639, -0.0006481972014183771, 0.9999863917110297, 0.0003741139407694584]
  - [0.0, 0.0, 0.0, 1.0]
  cam_overlaps: [0]
  camera_model: pinhole
  distortion_coeffs: [0.010927216835380971, -0.0013637810344893349, 0.002110268421356937,
    -0.0004237120942264631]
  distortion_model: radtan
  intrinsics: [433.39351120815144, 433.2370417560903, 423.88049143253795, 242.75540977518204]
  resolution: [848, 480]
  rostopic: /camera/infra2/image_rect_raw
  timeshift_cam_imu: 0.010373232442080745
