cam0:
  cam_overlaps: [1]
  camera_model: pinhole
  distortion_coeffs: [0.011569030388980661, -0.0015832486459974242, 0.0024461019999247584,
    0.0007311430893214606]
  distortion_model: radtan
  intrinsics: [432.8773624689316, 432.69754323460546, 425.86902417211377, 242.83143630610957]
  resolution: [848, 480]
  rostopic: /camera/infra1/image_rect_raw
cam1:
  T_cn_cnm1:
  - [0.9999864551257288, -0.0005449638543184559, 0.005176154892835437, -0.049807662484089146]
  - [0.0005416012691772042, 0.9999996414273277, 0.0006510094313186905, -7.433150605020272e-05]
  - [-0.005176507813416639, -0.0006481972014183771, 0.9999863917110292, 0.0003741139407694584]
  - [0.0, 0.0, 0.0, 1.0]
  cam_overlaps: [0]
  camera_model: pinhole
  distortion_coeffs: [0.010927216835380971, -0.0013637810344893349, 0.002110268421356937,
    -0.0004237120942264631]
  distortion_model: radtan
  intrinsics: [433.39351120815144, 433.2370417560903, 423.88049143253795, 242.75540977518204]
  resolution: [848, 480]
  rostopic: /camera/infra2/image_rect_raw
