%YAML:1.0
---
model_type: PINHOLE
camera_name: camera
image_width:  848
image_height: 480
distortion_parameters:
   k1: 0.0061023084526682160
   k2: 0.0063977919048725160
   p1: 0.0008015908361949809
   p2: 0.0007443925146859682
projection_parameters:
   fx: 426.70496084724880
   fy: 426.89328928752930
   cx: 426.51648111896390
   cy: 238.86425498784357
