%YAML:1.0
---
model_type:   PINHOLE
camera_name:  camera
image_width:  848
image_height: 480
distortion_parameters:
   k1: -0.0004613963260677886
   k2:  0.005407576005447755
   p1:  0.0009329508435850454
   p2:  0.00046979544538492134
projection_parameters:
   fx: 421.02918893116650
   fy: 420.64703327672060
   cx: 425.39031910803520
   cy: 239.31806203981301

