%YAML:1.0
---
model_type: PINHOLE
camera_name: camera
image_width:  848
image_height: 480
distortion_parameters:
   k1: 0.011569030388980661
   k2: -0.0015832486459974242
   p1: 0.0024461019999247584
   p2: 0.0007311430893214606
projection_parameters:
   fx: 432.8773624689316
   fy: 432.69754323460546
   cx: 425.86902417211377
   cy: 242.83143630610957
