cam0:
  T_cam_imu:
  - [0.9999874660109245, 0.004777556860572642, -0.0014975885596747714, 0.006543770492729546]
  - [-0.004762062654373521, 0.999936799015823, 0.010184337644894218, -0.007020220755318368]
  - [0.0015461501627896605, -0.01017707838396579, 0.9999470168440129, -0.019547742298640654]
  - [0.0, 0.0, 0.0, 1.0]
  cam_overlaps: [1]
  camera_model: pinhole
  distortion_coeffs: [0.006102308452668216, 0.006397791904872516, 0.0008015908361949809,
    0.0007443925146859682]
  distortion_model: radtan
  intrinsics: [426.7049608472488, 426.8932892875293, 426.5164811189639, 238.86425498784357]
  resolution: [848, 480]
  rostopic: /camera/infra1/image_rect_raw
  timeshift_cam_imu: 0.00842187499835454
cam1:
  T_cam_imu:
  - [0.999988793824101, 0.004492798385579796, 0.0014923099163238838, -0.04331001854009019]
  - [-0.00450877443119915, 0.9999306399786417, 0.010880541578099751, -0.007073737332250075]
  - [-0.0014433223300398938, -0.010887148137631095, 0.9999396915944887, -0.019519487376103567]
  - [0.0, 0.0, 0.0, 1.0]
  T_cn_cnm1:
  - [0.999995489708975, -0.00025429666550298827, 0.002992640124060374, -0.04979704537930188]
  - [0.0002522129962666374, 0.9999997255536123, 0.0006966213487556005, -4.15515529635766e-05]
  - [-0.0029928164512272102, -0.0006958634240581468, 0.9999952794007496, 4.286183461071039e-05]
  - [0.0, 0.0, 0.0, 1.0]
  cam_overlaps: [0]
  camera_model: pinhole
  distortion_coeffs: [0.008083788373743028, 0.00028731591921908655, 0.0006946703523357289,
    0.0002206792943884582]
  distortion_model: radtan
  intrinsics: [426.8755187365047, 427.0382072892622, 425.43259838418965, 238.72742550594288]
  resolution: [848, 480]
  rostopic: /camera/infra2/image_rect_raw
  timeshift_cam_imu: 0.00841686451642054
